(kicad_pcb (version 20171130) (host pcbnew 5.0.1-33cea8e~68~ubuntu14.04.1)

  (general
    (thickness 1.6)
    (drawings 90)
    (tracks 1474)
    (zones 0)
    (modules 37)
    (nets 93)
  )

  (page A4)
  (layers
    (0 F.Cu signal)
    (31 B.Cu signal)
    (32 B.Adhes user)
    (33 F.Adhes user)
    (34 B.Paste user)
    (35 F.Paste user)
    (36 B.SilkS user)
    (37 F.SilkS user)
    (38 B.Mask user)
    (39 F.Mask user)
    (40 Dwgs.User user)
    (41 Cmts.User user)
    (42 Eco1.User user)
    (43 Eco2.User user)
    (44 Edge.Cuts user)
    (45 Margin user)
    (46 B.CrtYd user)
    (47 F.CrtYd user)
    (48 B.Fab user)
    (49 F.Fab user)
  )

  (setup
    (last_trace_width 0.16)
    (user_trace_width 0.16)
    (user_trace_width 0.2)
    (user_trace_width 0.5)
    (trace_clearance 0.2)
    (zone_clearance 0.2)
    (zone_45_only no)
    (trace_min 0.16)
    (segment_width 0.2)
    (edge_width 0.15)
    (via_size 0.8)
    (via_drill 0.4)
    (via_min_size 0.3)
    (via_min_drill 0.3)
    (uvia_size 0.3)
    (uvia_drill 0.1)
    (uvias_allowed no)
    (uvia_min_size 0.2)
    (uvia_min_drill 0.1)
    (pcb_text_width 0.3)
    (pcb_text_size 1.5 1.5)
    (mod_edge_width 0.15)
    (mod_text_size 1 1)
    (mod_text_width 0.15)
    (pad_size 1.524 1.524)
    (pad_drill 0.762)
    (pad_to_mask_clearance 0.051)
    (solder_mask_min_width 0.25)
    (aux_axis_origin 0 0)
    (visible_elements FFFFFF7F)
    (pcbplotparams
      (layerselection 0x010fc_ffffffff)
      (usegerberextensions true)
      (usegerberattributes false)
      (usegerberadvancedattributes false)
      (creategerberjobfile false)
      (excludeedgelayer true)
      (linewidth 0.100000)
      (plotframeref false)
      (viasonmask false)
      (mode 1)
      (useauxorigin false)
      (hpglpennumber 1)
      (hpglpenspeed 20)
      (hpglpendiameter 15.000000)
      (psnegative false)
      (psa4output false)
      (plotreference true)
      (plotvalue true)
      (plotinvisibletext false)
      (padsonsilk false)
      (subtractmaskfromsilk false)
      (outputformat 1)
      (mirror false)
      (drillshape 0)
      (scaleselection 1)
      (outputdirectory ""))
  )

  (net 0 "")
  (net 1 usb3)
  (net 2 GND)
  (net 3 usb2)
  (net 4 vccA)
  (net 5 vccI)
  (net 6 vccC)
  (net 7 "Net-(J1-Pad6)")
  (net 8 txd)
  (net 9 rxd)
  (net 10 1.8v)
  (net 11 vin)
  (net 12 a17)
  (net 13 a16)
  (net 14 a15)
  (net 15 a14)
  (net 16 a13)
  (net 17 a12)
  (net 18 a11)
  (net 19 a10)
  (net 20 a9)
  (net 21 a8)
  (net 22 a7)
  (net 23 a6)
  (net 24 a5)
  (net 25 a4)
  (net 26 a3)
  (net 27 a2)
  (net 28 a1)
  (net 29 a0)
  (net 30 d0)
  (net 31 d1)
  (net 32 d2)
  (net 33 d3)
  (net 34 d4)
  (net 35 d5)
  (net 36 d6)
  (net 37 d7)
  (net 38 d8)
  (net 39 d9)
  (net 40 d10)
  (net 41 d11)
  (net 42 d12)
  (net 43 d13)
  (net 44 d14)
  (net 45 d15)
  (net 46 d16)
  (net 47 d17)
  (net 48 usb1)
  (net 49 "Net-(R1-Pad2)")
  (net 50 "Net-(R2-Pad2)")
  (net 51 517.17)
  (net 52 RESET)
  (net 53 "Net-(U2-Pad2)")
  (net 54 "Net-(U2-Pad6)")
  (net 55 "Net-(U2-Pad11)")
  (net 56 708.17)
  (net 57 708.1)
  (net 58 600.17)
  (net 59 500.17)
  (net 60 300.17)
  (net 61 300.1)
  (net 62 001.1)
  (net 63 001.17)
  (net 64 008.17)
  (net 65 008.5)
  (net 66 008.3)
  (net 67 008.1)
  (net 68 117.ai)
  (net 69 117.ao)
  (net 70 217.17)
  (net 71 317.17)
  (net 72 417.17)
  (net 73 617.a1)
  (net 74 617.ao)
  (net 75 717.ai)
  (net 76 717.ao)
  (net 77 709.ao)
  (net 78 709.ai)
  (net 79 705.1)
  (net 80 705.3)
  (net 81 705.5)
  (net 82 705.17)
  (net 83 701.17)
  (net 84 701.1)
  (net 85 100.17)
  (net 86 200.17)
  (net 87 713ai)
  (net 88 713.ao)
  (net 89 715.17)
  (net 90 vcc)
  (net 91 "Net-(U2-Pad3)")
  (net 92 "Net-(L3-Pad1)")

  (net_class Default "This is the default net class."
    (clearance 0.2)
    (trace_width 0.25)
    (via_dia 0.8)
    (via_drill 0.4)
    (uvia_dia 0.3)
    (uvia_drill 0.1)
    (add_net 001.1)
    (add_net 001.17)
    (add_net 008.1)
    (add_net 008.17)
    (add_net 008.3)
    (add_net 008.5)
    (add_net 1.8v)
    (add_net 100.17)
    (add_net 117.ai)
    (add_net 117.ao)
    (add_net 200.17)
    (add_net 217.17)
    (add_net 300.1)
    (add_net 300.17)
    (add_net 317.17)
    (add_net 417.17)
    (add_net 500.17)
    (add_net 517.17)
    (add_net 600.17)
    (add_net 617.a1)
    (add_net 617.ao)
    (add_net 701.1)
    (add_net 701.17)
    (add_net 705.1)
    (add_net 705.17)
    (add_net 705.3)
    (add_net 705.5)
    (add_net 708.1)
    (add_net 708.17)
    (add_net 709.ai)
    (add_net 709.ao)
    (add_net 713.ao)
    (add_net 713ai)
    (add_net 715.17)
    (add_net 717.ai)
    (add_net 717.ao)
    (add_net GND)
    (add_net "Net-(J1-Pad6)")
    (add_net "Net-(L3-Pad1)")
    (add_net "Net-(R1-Pad2)")
    (add_net "Net-(R2-Pad2)")
    (add_net "Net-(U2-Pad11)")
    (add_net "Net-(U2-Pad2)")
    (add_net "Net-(U2-Pad3)")
    (add_net "Net-(U2-Pad6)")
    (add_net RESET)
    (add_net a0)
    (add_net a1)
    (add_net a10)
    (add_net a11)
    (add_net a12)
    (add_net a13)
    (add_net a14)
    (add_net a15)
    (add_net a16)
    (add_net a17)
    (add_net a2)
    (add_net a3)
    (add_net a4)
    (add_net a5)
    (add_net a6)
    (add_net a7)
    (add_net a8)
    (add_net a9)
    (add_net d0)
    (add_net d1)
    (add_net d10)
    (add_net d11)
    (add_net d12)
    (add_net d13)
    (add_net d14)
    (add_net d15)
    (add_net d16)
    (add_net d17)
    (add_net d2)
    (add_net d3)
    (add_net d4)
    (add_net d5)
    (add_net d6)
    (add_net d7)
    (add_net d8)
    (add_net d9)
    (add_net rxd)
    (add_net txd)
    (add_net usb1)
    (add_net usb2)
    (add_net usb3)
    (add_net vcc)
    (add_net vccA)
    (add_net vccC)
    (add_net vccI)
    (add_net vin)
  )

  (module ak-ga144:QFN88+1_GA144A12 (layer F.Cu) (tedit 5445CB18) (tstamp 5BF085D3)
    (at 125.14 87.28 315)
    (descr "0.4mm Pitch, 1cm Sq.")
    (tags QFN88,GA144,QFN88+1)
    (path /5BE088A7)
    (solder_mask_margin 0.075)
    (clearance 0.095)
    (attr smd)
    (fp_text reference U1 (at 0 -6.7 315) (layer F.SilkS) hide
      (effects (font (size 0.5 0.5) (thickness 0.125)))
    )
    (fp_text value GA144A12 (at 0 -5.8 315) (layer F.SilkS) hide
      (effects (font (size 0.5 0.5) (thickness 0.125)))
    )
    (fp_line (start -5.2 5.2) (end -5.2 -4.5) (layer F.SilkS) (width 0.15))
    (fp_line (start 5.2 5.2) (end -5.2 5.2) (layer F.SilkS) (width 0.15))
    (fp_line (start 5.2 -5.2) (end 5.2 5.2) (layer F.SilkS) (width 0.15))
    (fp_line (start -4.5 -5.2) (end 5.2 -5.2) (layer F.SilkS) (width 0.15))
    (fp_line (start -5.2 -4.5) (end -4.5 -5.2) (layer F.SilkS) (width 0.15))
    (fp_circle (center -5.599999 -4.2) (end -5.5 -4.1) (layer F.SilkS) (width 0.15))
    (pad DAP smd rect (at 0 0 315) (size 8 8) (layers F.Cu F.Paste F.Mask)
      (net 2 GND))
    (pad 88 smd oval (at -4.2 -4.8 45) (size 0.6 0.2) (layers F.Cu F.Paste F.Mask)
      (net 52 RESET))
    (pad 87 smd oval (at -3.8 -4.8 45) (size 0.6 0.2) (layers F.Cu F.Paste F.Mask)
      (net 84 701.1))
    (pad 86 smd oval (at -3.400001 -4.8 45) (size 0.6 0.2) (layers F.Cu F.Paste F.Mask)
      (net 83 701.17))
    (pad 85 smd oval (at -3 -4.8 45) (size 0.6 0.2) (layers F.Cu F.Paste F.Mask)
      (net 82 705.17))
    (pad 84 smd oval (at -2.6 -4.8 45) (size 0.6 0.2) (layers F.Cu F.Paste F.Mask)
      (net 81 705.5))
    (pad 83 smd oval (at -2.199999 -4.8 45) (size 0.6 0.2) (layers F.Cu F.Paste F.Mask)
      (net 6 vccC))
    (pad 82 smd oval (at -1.8 -4.8 45) (size 0.6 0.2) (layers F.Cu F.Paste F.Mask)
      (net 5 vccI))
    (pad 81 smd oval (at -1.4 -4.8 45) (size 0.6 0.2) (layers F.Cu F.Paste F.Mask)
      (net 80 705.3))
    (pad 80 smd oval (at -1 -4.8 45) (size 0.6 0.2) (layers F.Cu F.Paste F.Mask)
      (net 79 705.1))
    (pad 79 smd oval (at -0.600001 -4.8 45) (size 0.6 0.2) (layers F.Cu F.Paste F.Mask)
      (net 57 708.1))
    (pad 78 smd oval (at -0.2 -4.8 45) (size 0.6 0.2) (layers F.Cu F.Paste F.Mask)
      (net 56 708.17))
    (pad 77 smd oval (at 0.2 -4.8 45) (size 0.6 0.2) (layers F.Cu F.Paste F.Mask)
      (net 77 709.ao))
    (pad 76 smd oval (at 0.600001 -4.8 45) (size 0.6 0.2) (layers F.Cu F.Paste F.Mask)
      (net 78 709.ai))
    (pad 75 smd oval (at 1 -4.8 45) (size 0.6 0.2) (layers F.Cu F.Paste F.Mask)
      (net 6 vccC))
    (pad 74 smd oval (at 1.4 -4.8 45) (size 0.6 0.2) (layers F.Cu F.Paste F.Mask)
      (net 4 vccA))
    (pad 73 smd oval (at 1.8 -4.8 45) (size 0.6 0.2) (layers F.Cu F.Paste F.Mask)
      (net 87 713ai))
    (pad 72 smd oval (at 2.199999 -4.8 45) (size 0.6 0.2) (layers F.Cu F.Paste F.Mask)
      (net 88 713.ao))
    (pad 71 smd oval (at 2.6 -4.8 45) (size 0.6 0.2) (layers F.Cu F.Paste F.Mask)
      (net 89 715.17))
    (pad 70 smd oval (at 3 -4.8 45) (size 0.6 0.2) (layers F.Cu F.Paste F.Mask)
      (net 76 717.ao))
    (pad 69 smd oval (at 3.400001 -4.8 45) (size 0.6 0.2) (layers F.Cu F.Paste F.Mask)
      (net 75 717.ai))
    (pad 68 smd oval (at 3.8 -4.8 45) (size 0.6 0.2) (layers F.Cu F.Paste F.Mask)
      (net 29 a0))
    (pad 67 smd oval (at 4.2 -4.8 45) (size 0.6 0.2) (layers F.Cu F.Paste F.Mask)
      (net 28 a1))
    (pad 66 smd oval (at 4.8 -4.2 315) (size 0.6 0.2) (layers F.Cu F.Paste F.Mask)
      (net 27 a2))
    (pad 65 smd oval (at 4.8 -3.8 315) (size 0.6 0.2) (layers F.Cu F.Paste F.Mask)
      (net 26 a3))
    (pad 64 smd oval (at 4.8 -3.400001 315) (size 0.6 0.2) (layers F.Cu F.Paste F.Mask)
      (net 5 vccI))
    (pad 63 smd oval (at 4.8 -3 315) (size 0.6 0.2) (layers F.Cu F.Paste F.Mask)
      (net 74 617.ao))
    (pad 62 smd oval (at 4.8 -2.6 315) (size 0.6 0.2) (layers F.Cu F.Paste F.Mask)
      (net 6 vccC))
    (pad 61 smd oval (at 4.8 -2.199999 315) (size 0.6 0.2) (layers F.Cu F.Paste F.Mask)
      (net 73 617.a1))
    (pad 60 smd oval (at 4.8 -1.8 315) (size 0.6 0.2) (layers F.Cu F.Paste F.Mask)
      (net 51 517.17))
    (pad 59 smd oval (at 4.8 -1.4 315) (size 0.6 0.2) (layers F.Cu F.Paste F.Mask)
      (net 72 417.17))
    (pad 58 smd oval (at 4.8 -1 315) (size 0.6 0.2) (layers F.Cu F.Paste F.Mask)
      (net 25 a4))
    (pad 57 smd oval (at 4.8 -0.600001 315) (size 0.6 0.2) (layers F.Cu F.Paste F.Mask)
      (net 24 a5))
    (pad 56 smd oval (at 4.8 -0.2 315) (size 0.6 0.2) (layers F.Cu F.Paste F.Mask)
      (net 23 a6))
    (pad 55 smd oval (at 4.8 0.2 315) (size 0.6 0.2) (layers F.Cu F.Paste F.Mask)
      (net 22 a7))
    (pad 54 smd oval (at 4.8 0.600001 315) (size 0.6 0.2) (layers F.Cu F.Paste F.Mask)
      (net 21 a8))
    (pad 53 smd oval (at 4.8 1 315) (size 0.6 0.2) (layers F.Cu F.Paste F.Mask)
      (net 20 a9))
    (pad 52 smd oval (at 4.8 1.4 315) (size 0.6 0.2) (layers F.Cu F.Paste F.Mask)
      (net 71 317.17))
    (pad 51 smd oval (at 4.8 1.8 315) (size 0.6 0.2) (layers F.Cu F.Paste F.Mask)
      (net 70 217.17))
    (pad 50 smd oval (at 4.8 2.199999 315) (size 0.6 0.2) (layers F.Cu F.Paste F.Mask)
      (net 69 117.ao))
    (pad 49 smd oval (at 4.8 2.6 315) (size 0.6 0.2) (layers F.Cu F.Paste F.Mask)
      (net 6 vccC))
    (pad 48 smd oval (at 4.8 3 315) (size 0.6 0.2) (layers F.Cu F.Paste F.Mask)
      (net 68 117.ai))
    (pad 47 smd oval (at 4.8 3.400001 315) (size 0.6 0.2) (layers F.Cu F.Paste F.Mask)
      (net 5 vccI))
    (pad 46 smd oval (at 4.8 3.8 315) (size 0.6 0.2) (layers F.Cu F.Paste F.Mask)
      (net 19 a10))
    (pad 45 smd oval (at 4.8 4.2 315) (size 0.6 0.2) (layers F.Cu F.Paste F.Mask)
      (net 18 a11))
    (pad 44 smd oval (at 4.2 4.8 45) (size 0.6 0.2) (layers F.Cu F.Paste F.Mask)
      (net 17 a12))
    (pad 43 smd oval (at 3.8 4.8 45) (size 0.6 0.2) (layers F.Cu F.Paste F.Mask)
      (net 16 a13))
    (pad 42 smd oval (at 3.400001 4.8 45) (size 0.6 0.2) (layers F.Cu F.Paste F.Mask)
      (net 15 a14))
    (pad 41 smd oval (at 3 4.8 45) (size 0.6 0.2) (layers F.Cu F.Paste F.Mask)
      (net 6 vccC))
    (pad 40 smd oval (at 2.6 4.8 45) (size 0.6 0.2) (layers F.Cu F.Paste F.Mask)
      (net 5 vccI))
    (pad 39 smd oval (at 2.199999 4.8 45) (size 0.6 0.2) (layers F.Cu F.Paste F.Mask)
      (net 14 a15))
    (pad 38 smd oval (at 1.8 4.8 45) (size 0.6 0.2) (layers F.Cu F.Paste F.Mask)
      (net 13 a16))
    (pad 37 smd oval (at 1.4 4.8 45) (size 0.6 0.2) (layers F.Cu F.Paste F.Mask)
      (net 12 a17))
    (pad 36 smd oval (at 1 4.8 45) (size 0.6 0.2) (layers F.Cu F.Paste F.Mask)
      (net 67 008.1))
    (pad 35 smd oval (at 0.600001 4.8 45) (size 0.6 0.2) (layers F.Cu F.Paste F.Mask)
      (net 66 008.3))
    (pad 34 smd oval (at 0.2 4.8 45) (size 0.6 0.2) (layers F.Cu F.Paste F.Mask)
      (net 65 008.5))
    (pad 33 smd oval (at -0.2 4.8 45) (size 0.6 0.2) (layers F.Cu F.Paste F.Mask)
      (net 64 008.17))
    (pad 32 smd oval (at -0.600001 4.8 45) (size 0.6 0.2) (layers F.Cu F.Paste F.Mask)
      (net 47 d17))
    (pad 31 smd oval (at -1 4.8 45) (size 0.6 0.2) (layers F.Cu F.Paste F.Mask)
      (net 46 d16))
    (pad 30 smd oval (at -1.4 4.8 45) (size 0.6 0.2) (layers F.Cu F.Paste F.Mask)
      (net 45 d15))
    (pad 29 smd oval (at -1.8 4.8 45) (size 0.6 0.2) (layers F.Cu F.Paste F.Mask)
      (net 6 vccC))
    (pad 28 smd oval (at -2.199999 4.8 45) (size 0.6 0.2) (layers F.Cu F.Paste F.Mask)
      (net 5 vccI))
    (pad 27 smd oval (at -2.6 4.8 45) (size 0.6 0.2) (layers F.Cu F.Paste F.Mask)
      (net 63 001.17))
    (pad 26 smd oval (at -3 4.8 45) (size 0.6 0.2) (layers F.Cu F.Paste F.Mask)
      (net 62 001.1))
    (pad 25 smd oval (at -3.400001 4.8 45) (size 0.6 0.2) (layers F.Cu F.Paste F.Mask)
      (net 44 d14))
    (pad 24 smd oval (at -3.8 4.8 45) (size 0.6 0.2) (layers F.Cu F.Paste F.Mask)
      (net 43 d13))
    (pad 23 smd oval (at -4.2 4.8 45) (size 0.6 0.2) (layers F.Cu F.Paste F.Mask)
      (net 42 d12))
    (pad 22 smd oval (at -4.8 4.2 315) (size 0.6 0.2) (layers F.Cu F.Paste F.Mask)
      (net 41 d11))
    (pad 21 smd oval (at -4.8 3.8 315) (size 0.6 0.2) (layers F.Cu F.Paste F.Mask)
      (net 40 d10))
    (pad 20 smd oval (at -4.8 3.400001 315) (size 0.6 0.2) (layers F.Cu F.Paste F.Mask)
      (net 85 100.17))
    (pad 19 smd oval (at -4.8 3 315) (size 0.6 0.2) (layers F.Cu F.Paste F.Mask)
      (net 5 vccI))
    (pad 18 smd oval (at -4.8 2.6 315) (size 0.6 0.2) (layers F.Cu F.Paste F.Mask)
      (net 86 200.17))
    (pad 17 smd oval (at -4.8 2.199999 315) (size 0.6 0.2) (layers F.Cu F.Paste F.Mask)
      (net 6 vccC))
    (pad 16 smd oval (at -4.8 1.8 315) (size 0.6 0.2) (layers F.Cu F.Paste F.Mask)
      (net 39 d9))
    (pad 15 smd oval (at -4.8 1.4 315) (size 0.6 0.2) (layers F.Cu F.Paste F.Mask)
      (net 61 300.1))
    (pad 14 smd oval (at -4.8 1 315) (size 0.6 0.2) (layers F.Cu F.Paste F.Mask)
      (net 60 300.17))
    (pad 13 smd oval (at -4.8 0.600001 315) (size 0.6 0.2) (layers F.Cu F.Paste F.Mask)
      (net 38 d8))
    (pad 12 smd oval (at -4.8 0.2 315) (size 0.6 0.2) (layers F.Cu F.Paste F.Mask)
      (net 37 d7))
    (pad 11 smd oval (at -4.8 -0.2 315) (size 0.6 0.2) (layers F.Cu F.Paste F.Mask)
      (net 36 d6))
    (pad 10 smd oval (at -4.8 -0.600001 315) (size 0.6 0.2) (layers F.Cu F.Paste F.Mask)
      (net 35 d5))
    (pad 9 smd oval (at -4.8 -1 315) (size 0.6 0.2) (layers F.Cu F.Paste F.Mask)
      (net 34 d4))
    (pad 8 smd oval (at -4.8 -1.4 315) (size 0.6 0.2) (layers F.Cu F.Paste F.Mask)
      (net 33 d3))
    (pad 7 smd oval (at -4.8 -1.8 315) (size 0.6 0.2) (layers F.Cu F.Paste F.Mask)
      (net 59 500.17))
    (pad 6 smd oval (at -4.8 -2.199999 315) (size 0.6 0.2) (layers F.Cu F.Paste F.Mask)
      (net 58 600.17))
    (pad 5 smd oval (at -4.8 -2.6 315) (size 0.6 0.2) (layers F.Cu F.Paste F.Mask)
      (net 6 vccC))
    (pad 4 smd oval (at -4.8 -3 315) (size 0.6 0.2) (layers F.Cu F.Paste F.Mask)
      (net 5 vccI))
    (pad 3 smd oval (at -4.8 -3.400001 315) (size 0.6 0.2) (layers F.Cu F.Paste F.Mask)
      (net 32 d2))
    (pad 2 smd oval (at -4.8 -3.8 315) (size 0.6 0.2) (layers F.Cu F.Paste F.Mask)
      (net 31 d1))
    (pad 1 smd oval (at -4.8 -4.2 315) (size 0.6 0.2) (layers F.Cu F.Paste F.Mask)
      (net 30 d0))
  )

  (module Capacitor_SMD:C_0603_1608Metric (layer F.Cu) (tedit 5B301BBE) (tstamp 5BF28DA0)
    (at 101.9525 94.06)
    (descr "Capacitor SMD 0603 (1608 Metric), square (rectangular) end terminal, IPC_7351 nominal, (Body size source: http://www.tortai-tech.com/upload/download/2011102023233369053.pdf), generated with kicad-footprint-generator")
    (tags capacitor)
    (path /5BF94155)
    (attr smd)
    (fp_text reference C12 (at -0.2128 1.4059) (layer F.SilkS)
      (effects (font (size 1 1) (thickness 0.15)))
    )
    (fp_text value 10mF (at 0 1.43) (layer F.Fab)
      (effects (font (size 1 1) (thickness 0.15)))
    )
    (fp_text user %R (at 0 0) (layer F.Fab)
      (effects (font (size 0.4 0.4) (thickness 0.06)))
    )
    (fp_line (start 1.48 0.73) (end -1.48 0.73) (layer F.CrtYd) (width 0.05))
    (fp_line (start 1.48 -0.73) (end 1.48 0.73) (layer F.CrtYd) (width 0.05))
    (fp_line (start -1.48 -0.73) (end 1.48 -0.73) (layer F.CrtYd) (width 0.05))
    (fp_line (start -1.48 0.73) (end -1.48 -0.73) (layer F.CrtYd) (width 0.05))
    (fp_line (start -0.162779 0.51) (end 0.162779 0.51) (layer F.SilkS) (width 0.12))
    (fp_line (start -0.162779 -0.51) (end 0.162779 -0.51) (layer F.SilkS) (width 0.12))
    (fp_line (start 0.8 0.4) (end -0.8 0.4) (layer F.Fab) (width 0.1))
    (fp_line (start 0.8 -0.4) (end 0.8 0.4) (layer F.Fab) (width 0.1))
    (fp_line (start -0.8 -0.4) (end 0.8 -0.4) (layer F.Fab) (width 0.1))
    (fp_line (start -0.8 0.4) (end -0.8 -0.4) (layer F.Fab) (width 0.1))
    (pad 2 smd roundrect (at 0.7875 0) (size 0.875 0.95) (layers F.Cu F.Paste F.Mask) (roundrect_rratio 0.25)
      (net 2 GND))
    (pad 1 smd roundrect (at -0.7875 0) (size 0.875 0.95) (layers F.Cu F.Paste F.Mask) (roundrect_rratio 0.25)
      (net 10 1.8v))
    (model ${KISYS3DMOD}/Capacitor_SMD.3dshapes/C_0603_1608Metric.wrl
      (at (xyz 0 0 0))
      (scale (xyz 1 1 1))
      (rotate (xyz 0 0 0))
    )
  )

  (module Capacitor_SMD:C_0603_1608Metric (layer F.Cu) (tedit 5B301BBE) (tstamp 5C1D3219)
    (at 103.14 86.8825 270)
    (descr "Capacitor SMD 0603 (1608 Metric), square (rectangular) end terminal, IPC_7351 nominal, (Body size source: http://www.tortai-tech.com/upload/download/2011102023233369053.pdf), generated with kicad-footprint-generator")
    (tags capacitor)
    (path /5BE0A794)
    (attr smd)
    (fp_text reference C1 (at 2.1575 -0.01 270) (layer F.SilkS)
      (effects (font (size 1 1) (thickness 0.15)))
    )
    (fp_text value 47pF (at 0.12 -0.03 270) (layer F.Fab)
      (effects (font (size 1 1) (thickness 0.15)))
    )
    (fp_line (start -0.8 0.4) (end -0.8 -0.4) (layer F.Fab) (width 0.1))
    (fp_line (start -0.8 -0.4) (end 0.8 -0.4) (layer F.Fab) (width 0.1))
    (fp_line (start 0.8 -0.4) (end 0.8 0.4) (layer F.Fab) (width 0.1))
    (fp_line (start 0.8 0.4) (end -0.8 0.4) (layer F.Fab) (width 0.1))
    (fp_line (start -0.162779 -0.51) (end 0.162779 -0.51) (layer F.SilkS) (width 0.12))
    (fp_line (start -0.162779 0.51) (end 0.162779 0.51) (layer F.SilkS) (width 0.12))
    (fp_line (start -1.48 0.73) (end -1.48 -0.73) (layer F.CrtYd) (width 0.05))
    (fp_line (start -1.48 -0.73) (end 1.48 -0.73) (layer F.CrtYd) (width 0.05))
    (fp_line (start 1.48 -0.73) (end 1.48 0.73) (layer F.CrtYd) (width 0.05))
    (fp_line (start 1.48 0.73) (end -1.48 0.73) (layer F.CrtYd) (width 0.05))
    (fp_text user %R (at 0 0 270) (layer F.Fab)
      (effects (font (size 0.4 0.4) (thickness 0.06)))
    )
    (pad 1 smd roundrect (at -0.7875 0 270) (size 0.875 0.95) (layers F.Cu F.Paste F.Mask) (roundrect_rratio 0.25)
      (net 1 usb3))
    (pad 2 smd roundrect (at 0.7875 0 270) (size 0.875 0.95) (layers F.Cu F.Paste F.Mask) (roundrect_rratio 0.25)
      (net 2 GND))
    (model ${KISYS3DMOD}/Capacitor_SMD.3dshapes/C_0603_1608Metric.wrl
      (at (xyz 0 0 0))
      (scale (xyz 1 1 1))
      (rotate (xyz 0 0 0))
    )
  )

  (module Capacitor_SMD:C_0603_1608Metric (layer F.Cu) (tedit 5B301BBE) (tstamp 5BE11484)
    (at 103.19 82.4575 90)
    (descr "Capacitor SMD 0603 (1608 Metric), square (rectangular) end terminal, IPC_7351 nominal, (Body size source: http://www.tortai-tech.com/upload/download/2011102023233369053.pdf), generated with kicad-footprint-generator")
    (tags capacitor)
    (path /5BE0BA45)
    (attr smd)
    (fp_text reference C2 (at -2.2025 0.01 90) (layer F.SilkS)
      (effects (font (size 1 1) (thickness 0.15)))
    )
    (fp_text value 47pF (at 0.1025 -0.05 90) (layer F.Fab)
      (effects (font (size 1 1) (thickness 0.15)))
    )
    (fp_text user %R (at 0 0 90) (layer F.Fab)
      (effects (font (size 0.4 0.4) (thickness 0.06)))
    )
    (fp_line (start 1.48 0.73) (end -1.48 0.73) (layer F.CrtYd) (width 0.05))
    (fp_line (start 1.48 -0.73) (end 1.48 0.73) (layer F.CrtYd) (width 0.05))
    (fp_line (start -1.48 -0.73) (end 1.48 -0.73) (layer F.CrtYd) (width 0.05))
    (fp_line (start -1.48 0.73) (end -1.48 -0.73) (layer F.CrtYd) (width 0.05))
    (fp_line (start -0.162779 0.51) (end 0.162779 0.51) (layer F.SilkS) (width 0.12))
    (fp_line (start -0.162779 -0.51) (end 0.162779 -0.51) (layer F.SilkS) (width 0.12))
    (fp_line (start 0.8 0.4) (end -0.8 0.4) (layer F.Fab) (width 0.1))
    (fp_line (start 0.8 -0.4) (end 0.8 0.4) (layer F.Fab) (width 0.1))
    (fp_line (start -0.8 -0.4) (end 0.8 -0.4) (layer F.Fab) (width 0.1))
    (fp_line (start -0.8 0.4) (end -0.8 -0.4) (layer F.Fab) (width 0.1))
    (pad 2 smd roundrect (at 0.7875 0 90) (size 0.875 0.95) (layers F.Cu F.Paste F.Mask) (roundrect_rratio 0.25)
      (net 2 GND))
    (pad 1 smd roundrect (at -0.7875 0 90) (size 0.875 0.95) (layers F.Cu F.Paste F.Mask) (roundrect_rratio 0.25)
      (net 3 usb2))
    (model ${KISYS3DMOD}/Capacitor_SMD.3dshapes/C_0603_1608Metric.wrl
      (at (xyz 0 0 0))
      (scale (xyz 1 1 1))
      (rotate (xyz 0 0 0))
    )
  )

  (module Capacitor_SMD:C_0603_1608Metric (layer F.Cu) (tedit 5B301BBE) (tstamp 5BF0B512)
    (at 135.1225 84.43)
    (descr "Capacitor SMD 0603 (1608 Metric), square (rectangular) end terminal, IPC_7351 nominal, (Body size source: http://www.tortai-tech.com/upload/download/2011102023233369053.pdf), generated with kicad-footprint-generator")
    (tags capacitor)
    (path /5BE15097)
    (attr smd)
    (fp_text reference C3 (at 2.4075 0.06 180) (layer F.SilkS)
      (effects (font (size 1 1) (thickness 0.15)))
    )
    (fp_text value 0.1mF (at 0 1.43) (layer F.Fab)
      (effects (font (size 1 1) (thickness 0.15)))
    )
    (fp_text user %R (at 0 0) (layer F.Fab)
      (effects (font (size 0.4 0.4) (thickness 0.06)))
    )
    (fp_line (start 1.48 0.73) (end -1.48 0.73) (layer F.CrtYd) (width 0.05))
    (fp_line (start 1.48 -0.73) (end 1.48 0.73) (layer F.CrtYd) (width 0.05))
    (fp_line (start -1.48 -0.73) (end 1.48 -0.73) (layer F.CrtYd) (width 0.05))
    (fp_line (start -1.48 0.73) (end -1.48 -0.73) (layer F.CrtYd) (width 0.05))
    (fp_line (start -0.162779 0.51) (end 0.162779 0.51) (layer F.SilkS) (width 0.12))
    (fp_line (start -0.162779 -0.51) (end 0.162779 -0.51) (layer F.SilkS) (width 0.12))
    (fp_line (start 0.8 0.4) (end -0.8 0.4) (layer F.Fab) (width 0.1))
    (fp_line (start 0.8 -0.4) (end 0.8 0.4) (layer F.Fab) (width 0.1))
    (fp_line (start -0.8 -0.4) (end 0.8 -0.4) (layer F.Fab) (width 0.1))
    (fp_line (start -0.8 0.4) (end -0.8 -0.4) (layer F.Fab) (width 0.1))
    (pad 2 smd roundrect (at 0.7875 0) (size 0.875 0.95) (layers F.Cu F.Paste F.Mask) (roundrect_rratio 0.25)
      (net 2 GND))
    (pad 1 smd roundrect (at -0.7875 0) (size 0.875 0.95) (layers F.Cu F.Paste F.Mask) (roundrect_rratio 0.25)
      (net 4 vccA))
    (model ${KISYS3DMOD}/Capacitor_SMD.3dshapes/C_0603_1608Metric.wrl
      (at (xyz 0 0 0))
      (scale (xyz 1 1 1))
      (rotate (xyz 0 0 0))
    )
  )

  (module Capacitor_SMD:C_0603_1608Metric (layer F.Cu) (tedit 5B301BBE) (tstamp 5BEF63F4)
    (at 114.4398 89.1286 180)
    (descr "Capacitor SMD 0603 (1608 Metric), square (rectangular) end terminal, IPC_7351 nominal, (Body size source: http://www.tortai-tech.com/upload/download/2011102023233369053.pdf), generated with kicad-footprint-generator")
    (tags capacitor)
    (path /5BE13437)
    (attr smd)
    (fp_text reference C4 (at -2.4575 -0.04 180) (layer F.SilkS)
      (effects (font (size 1 1) (thickness 0.15)))
    )
    (fp_text value 0.1mF (at 0 1.43 180) (layer F.Fab)
      (effects (font (size 1 1) (thickness 0.15)))
    )
    (fp_text user %R (at 0 0 180) (layer F.Fab)
      (effects (font (size 0.4 0.4) (thickness 0.06)))
    )
    (fp_line (start 1.48 0.73) (end -1.48 0.73) (layer F.CrtYd) (width 0.05))
    (fp_line (start 1.48 -0.73) (end 1.48 0.73) (layer F.CrtYd) (width 0.05))
    (fp_line (start -1.48 -0.73) (end 1.48 -0.73) (layer F.CrtYd) (width 0.05))
    (fp_line (start -1.48 0.73) (end -1.48 -0.73) (layer F.CrtYd) (width 0.05))
    (fp_line (start -0.162779 0.51) (end 0.162779 0.51) (layer F.SilkS) (width 0.12))
    (fp_line (start -0.162779 -0.51) (end 0.162779 -0.51) (layer F.SilkS) (width 0.12))
    (fp_line (start 0.8 0.4) (end -0.8 0.4) (layer F.Fab) (width 0.1))
    (fp_line (start 0.8 -0.4) (end 0.8 0.4) (layer F.Fab) (width 0.1))
    (fp_line (start -0.8 -0.4) (end 0.8 -0.4) (layer F.Fab) (width 0.1))
    (fp_line (start -0.8 0.4) (end -0.8 -0.4) (layer F.Fab) (width 0.1))
    (pad 2 smd roundrect (at 0.7875 0 180) (size 0.875 0.95) (layers F.Cu F.Paste F.Mask) (roundrect_rratio 0.25)
      (net 2 GND))
    (pad 1 smd roundrect (at -0.7875 0 180) (size 0.875 0.95) (layers F.Cu F.Paste F.Mask) (roundrect_rratio 0.25)
      (net 5 vccI))
    (model ${KISYS3DMOD}/Capacitor_SMD.3dshapes/C_0603_1608Metric.wrl
      (at (xyz 0 0 0))
      (scale (xyz 1 1 1))
      (rotate (xyz 0 0 0))
    )
  )

  (module Capacitor_SMD:C_0603_1608Metric (layer F.Cu) (tedit 5B301BBE) (tstamp 5BEFF9C6)
    (at 117.5 84.3 135)
    (descr "Capacitor SMD 0603 (1608 Metric), square (rectangular) end terminal, IPC_7351 nominal, (Body size source: http://www.tortai-tech.com/upload/download/2011102023233369053.pdf), generated with kicad-footprint-generator")
    (tags capacitor)
    (path /5BE150CF)
    (attr smd)
    (fp_text reference C5 (at 2.397092 -0.077782 135) (layer F.SilkS)
      (effects (font (size 1 1) (thickness 0.15)))
    )
    (fp_text value 0.1mF (at 0 1.43 135) (layer F.Fab)
      (effects (font (size 1 1) (thickness 0.15)))
    )
    (fp_line (start -0.8 0.4) (end -0.8 -0.4) (layer F.Fab) (width 0.1))
    (fp_line (start -0.8 -0.4) (end 0.8 -0.4) (layer F.Fab) (width 0.1))
    (fp_line (start 0.8 -0.4) (end 0.8 0.4) (layer F.Fab) (width 0.1))
    (fp_line (start 0.8 0.4) (end -0.8 0.4) (layer F.Fab) (width 0.1))
    (fp_line (start -0.162779 -0.51) (end 0.162779 -0.51) (layer F.SilkS) (width 0.12))
    (fp_line (start -0.162779 0.51) (end 0.162779 0.51) (layer F.SilkS) (width 0.12))
    (fp_line (start -1.48 0.73) (end -1.48 -0.73) (layer F.CrtYd) (width 0.05))
    (fp_line (start -1.48 -0.73) (end 1.48 -0.73) (layer F.CrtYd) (width 0.05))
    (fp_line (start 1.48 -0.73) (end 1.48 0.73) (layer F.CrtYd) (width 0.05))
    (fp_line (start 1.48 0.73) (end -1.48 0.73) (layer F.CrtYd) (width 0.05))
    (fp_text user %R (at 0 0 135) (layer F.Fab)
      (effects (font (size 0.4 0.4) (thickness 0.06)))
    )
    (pad 1 smd roundrect (at -0.787501 0 135) (size 0.875 0.95) (layers F.Cu F.Paste F.Mask) (roundrect_rratio 0.25)
      (net 5 vccI))
    (pad 2 smd roundrect (at 0.787501 0 135) (size 0.875 0.95) (layers F.Cu F.Paste F.Mask) (roundrect_rratio 0.25)
      (net 2 GND))
    (model ${KISYS3DMOD}/Capacitor_SMD.3dshapes/C_0603_1608Metric.wrl
      (at (xyz 0 0 0))
      (scale (xyz 1 1 1))
      (rotate (xyz 0 0 0))
    )
  )

  (module Capacitor_SMD:C_0603_1608Metric (layer F.Cu) (tedit 5B301BBE) (tstamp 5C1D326E)
    (at 135.1225 82.95)
    (descr "Capacitor SMD 0603 (1608 Metric), square (rectangular) end terminal, IPC_7351 nominal, (Body size source: http://www.tortai-tech.com/upload/download/2011102023233369053.pdf), generated with kicad-footprint-generator")
    (tags capacitor)
    (path /5BE1510F)
    (attr smd)
    (fp_text reference C6 (at 2.3875 0.07) (layer F.SilkS)
      (effects (font (size 1 1) (thickness 0.15)))
    )
    (fp_text value 0.1mF (at 0 1.43) (layer F.Fab)
      (effects (font (size 1 1) (thickness 0.15)))
    )
    (fp_text user %R (at 0 0) (layer F.Fab)
      (effects (font (size 0.4 0.4) (thickness 0.06)))
    )
    (fp_line (start 1.48 0.73) (end -1.48 0.73) (layer F.CrtYd) (width 0.05))
    (fp_line (start 1.48 -0.73) (end 1.48 0.73) (layer F.CrtYd) (width 0.05))
    (fp_line (start -1.48 -0.73) (end 1.48 -0.73) (layer F.CrtYd) (width 0.05))
    (fp_line (start -1.48 0.73) (end -1.48 -0.73) (layer F.CrtYd) (width 0.05))
    (fp_line (start -0.162779 0.51) (end 0.162779 0.51) (layer F.SilkS) (width 0.12))
    (fp_line (start -0.162779 -0.51) (end 0.162779 -0.51) (layer F.SilkS) (width 0.12))
    (fp_line (start 0.8 0.4) (end -0.8 0.4) (layer F.Fab) (width 0.1))
    (fp_line (start 0.8 -0.4) (end 0.8 0.4) (layer F.Fab) (width 0.1))
    (fp_line (start -0.8 -0.4) (end 0.8 -0.4) (layer F.Fab) (width 0.1))
    (fp_line (start -0.8 0.4) (end -0.8 -0.4) (layer F.Fab) (width 0.1))
    (pad 2 smd roundrect (at 0.7875 0) (size 0.875 0.95) (layers F.Cu F.Paste F.Mask) (roundrect_rratio 0.25)
      (net 2 GND))
    (pad 1 smd roundrect (at -0.7875 0) (size 0.875 0.95) (layers F.Cu F.Paste F.Mask) (roundrect_rratio 0.25)
      (net 6 vccC))
    (model ${KISYS3DMOD}/Capacitor_SMD.3dshapes/C_0603_1608Metric.wrl
      (at (xyz 0 0 0))
      (scale (xyz 1 1 1))
      (rotate (xyz 0 0 0))
    )
  )

  (module Capacitor_SMD:C_0603_1608Metric (layer F.Cu) (tedit 5B301BBE) (tstamp 5BE1F444)
    (at 133.063153 91.293153 315)
    (descr "Capacitor SMD 0603 (1608 Metric), square (rectangular) end terminal, IPC_7351 nominal, (Body size source: http://www.tortai-tech.com/upload/download/2011102023233369053.pdf), generated with kicad-footprint-generator")
    (tags capacitor)
    (path /5BE158BF)
    (attr smd)
    (fp_text reference C7 (at 2.484557 0.098995 315) (layer F.SilkS)
      (effects (font (size 1 1) (thickness 0.15)))
    )
    (fp_text value 0.1mF (at 0 1.43 315) (layer F.Fab)
      (effects (font (size 1 1) (thickness 0.15)))
    )
    (fp_line (start -0.8 0.4) (end -0.8 -0.4) (layer F.Fab) (width 0.1))
    (fp_line (start -0.8 -0.4) (end 0.8 -0.4) (layer F.Fab) (width 0.1))
    (fp_line (start 0.8 -0.4) (end 0.8 0.4) (layer F.Fab) (width 0.1))
    (fp_line (start 0.8 0.4) (end -0.8 0.4) (layer F.Fab) (width 0.1))
    (fp_line (start -0.162779 -0.51) (end 0.162779 -0.51) (layer F.SilkS) (width 0.12))
    (fp_line (start -0.162779 0.51) (end 0.162779 0.51) (layer F.SilkS) (width 0.12))
    (fp_line (start -1.48 0.73) (end -1.48 -0.73) (layer F.CrtYd) (width 0.05))
    (fp_line (start -1.48 -0.73) (end 1.48 -0.73) (layer F.CrtYd) (width 0.05))
    (fp_line (start 1.48 -0.73) (end 1.48 0.73) (layer F.CrtYd) (width 0.05))
    (fp_line (start 1.48 0.73) (end -1.48 0.73) (layer F.CrtYd) (width 0.05))
    (fp_text user %R (at 0 0 315) (layer F.Fab)
      (effects (font (size 0.4 0.4) (thickness 0.06)))
    )
    (pad 1 smd roundrect (at -0.787501 0 315) (size 0.875 0.95) (layers F.Cu F.Paste F.Mask) (roundrect_rratio 0.25)
      (net 6 vccC))
    (pad 2 smd roundrect (at 0.787501 0 315) (size 0.875 0.95) (layers F.Cu F.Paste F.Mask) (roundrect_rratio 0.25)
      (net 2 GND))
    (model ${KISYS3DMOD}/Capacitor_SMD.3dshapes/C_0603_1608Metric.wrl
      (at (xyz 0 0 0))
      (scale (xyz 1 1 1))
      (rotate (xyz 0 0 0))
    )
  )

  (module Inductor_SMD:L_0603_1608Metric (layer F.Cu) (tedit 5B301BBE) (tstamp 5BE13C62)
    (at 105.35 79.0875 270)
    (descr "Inductor SMD 0603 (1608 Metric), square (rectangular) end terminal, IPC_7351 nominal, (Body size source: http://www.tortai-tech.com/upload/download/2011102023233369053.pdf), generated with kicad-footprint-generator")
    (tags inductor)
    (path /5BE0D339)
    (attr smd)
    (fp_text reference L1 (at 0 -1.43 270) (layer F.SilkS)
      (effects (font (size 1 1) (thickness 0.15)))
    )
    (fp_text value " MMZ1608B601CTAH0 " (at 3.1325 -5.14 270) (layer F.Fab)
      (effects (font (size 1 1) (thickness 0.15)))
    )
    (fp_line (start -0.8 0.4) (end -0.8 -0.4) (layer F.Fab) (width 0.1))
    (fp_line (start -0.8 -0.4) (end 0.8 -0.4) (layer F.Fab) (width 0.1))
    (fp_line (start 0.8 -0.4) (end 0.8 0.4) (layer F.Fab) (width 0.1))
    (fp_line (start 0.8 0.4) (end -0.8 0.4) (layer F.Fab) (width 0.1))
    (fp_line (start -0.162779 -0.51) (end 0.162779 -0.51) (layer F.SilkS) (width 0.12))
    (fp_line (start -0.162779 0.51) (end 0.162779 0.51) (layer F.SilkS) (width 0.12))
    (fp_line (start -1.48 0.73) (end -1.48 -0.73) (layer F.CrtYd) (width 0.05))
    (fp_line (start -1.48 -0.73) (end 1.48 -0.73) (layer F.CrtYd) (width 0.05))
    (fp_line (start 1.48 -0.73) (end 1.48 0.73) (layer F.CrtYd) (width 0.05))
    (fp_line (start 1.48 0.73) (end -1.48 0.73) (layer F.CrtYd) (width 0.05))
    (fp_text user %R (at 0 0 270) (layer F.Fab)
      (effects (font (size 0.4 0.4) (thickness 0.06)))
    )
    (pad 1 smd roundrect (at -0.7875 0 270) (size 0.875 0.95) (layers F.Cu F.Paste F.Mask) (roundrect_rratio 0.25)
      (net 48 usb1))
    (pad 2 smd roundrect (at 0.7875 0 270) (size 0.875 0.95) (layers F.Cu F.Paste F.Mask) (roundrect_rratio 0.25)
      (net 90 vcc))
    (model ${KISYS3DMOD}/Inductor_SMD.3dshapes/L_0603_1608Metric.wrl
      (at (xyz 0 0 0))
      (scale (xyz 1 1 1))
      (rotate (xyz 0 0 0))
    )
  )

  (module Inductor_SMD:L_0603_1608Metric (layer F.Cu) (tedit 5B301BBE) (tstamp 5C1D33AE)
    (at 102.975 79.25 270)
    (descr "Inductor SMD 0603 (1608 Metric), square (rectangular) end terminal, IPC_7351 nominal, (Body size source: http://www.tortai-tech.com/upload/download/2011102023233369053.pdf), generated with kicad-footprint-generator")
    (tags inductor)
    (path /5BE74384)
    (attr smd)
    (fp_text reference L2 (at 0 -1.43 270) (layer F.SilkS)
      (effects (font (size 1 1) (thickness 0.15)))
    )
    (fp_text value " MMZ1608B601CTAH0 " (at 4.7425 -8.4 270) (layer F.Fab)
      (effects (font (size 1 1) (thickness 0.15)))
    )
    (fp_text user %R (at 0 0 270) (layer F.Fab)
      (effects (font (size 0.4 0.4) (thickness 0.06)))
    )
    (fp_line (start 1.48 0.73) (end -1.48 0.73) (layer F.CrtYd) (width 0.05))
    (fp_line (start 1.48 -0.73) (end 1.48 0.73) (layer F.CrtYd) (width 0.05))
    (fp_line (start -1.48 -0.73) (end 1.48 -0.73) (layer F.CrtYd) (width 0.05))
    (fp_line (start -1.48 0.73) (end -1.48 -0.73) (layer F.CrtYd) (width 0.05))
    (fp_line (start -0.162779 0.51) (end 0.162779 0.51) (layer F.SilkS) (width 0.12))
    (fp_line (start -0.162779 -0.51) (end 0.162779 -0.51) (layer F.SilkS) (width 0.12))
    (fp_line (start 0.8 0.4) (end -0.8 0.4) (layer F.Fab) (width 0.1))
    (fp_line (start 0.8 -0.4) (end 0.8 0.4) (layer F.Fab) (width 0.1))
    (fp_line (start -0.8 -0.4) (end 0.8 -0.4) (layer F.Fab) (width 0.1))
    (fp_line (start -0.8 0.4) (end -0.8 -0.4) (layer F.Fab) (width 0.1))
    (pad 2 smd roundrect (at 0.7875 0 270) (size 0.875 0.95) (layers F.Cu F.Paste F.Mask) (roundrect_rratio 0.25)
      (net 7 "Net-(J1-Pad6)"))
    (pad 1 smd roundrect (at -0.7875 0 270) (size 0.875 0.95) (layers F.Cu F.Paste F.Mask) (roundrect_rratio 0.25)
      (net 2 GND))
    (model ${KISYS3DMOD}/Inductor_SMD.3dshapes/L_0603_1608Metric.wrl
      (at (xyz 0 0 0))
      (scale (xyz 1 1 1))
      (rotate (xyz 0 0 0))
    )
  )

  (module Resistor_SMD:R_0603_1608Metric (layer F.Cu) (tedit 5B301BBD) (tstamp 5BE112DB)
    (at 102.9 75.27 90)
    (descr "Resistor SMD 0603 (1608 Metric), square (rectangular) end terminal, IPC_7351 nominal, (Body size source: http://www.tortai-tech.com/upload/download/2011102023233369053.pdf), generated with kicad-footprint-generator")
    (tags resistor)
    (path /5BE0A6CF)
    (attr smd)
    (fp_text reference R1 (at -2.04 -0.01 180) (layer F.SilkS)
      (effects (font (size 1 1) (thickness 0.15)))
    )
    (fp_text value 27 (at 0 1.43 90) (layer F.Fab)
      (effects (font (size 1 1) (thickness 0.15)))
    )
    (fp_line (start -0.8 0.4) (end -0.8 -0.4) (layer F.Fab) (width 0.1))
    (fp_line (start -0.8 -0.4) (end 0.8 -0.4) (layer F.Fab) (width 0.1))
    (fp_line (start 0.8 -0.4) (end 0.8 0.4) (layer F.Fab) (width 0.1))
    (fp_line (start 0.8 0.4) (end -0.8 0.4) (layer F.Fab) (width 0.1))
    (fp_line (start -0.162779 -0.51) (end 0.162779 -0.51) (layer F.SilkS) (width 0.12))
    (fp_line (start -0.162779 0.51) (end 0.162779 0.51) (layer F.SilkS) (width 0.12))
    (fp_line (start -1.48 0.73) (end -1.48 -0.73) (layer F.CrtYd) (width 0.05))
    (fp_line (start -1.48 -0.73) (end 1.48 -0.73) (layer F.CrtYd) (width 0.05))
    (fp_line (start 1.48 -0.73) (end 1.48 0.73) (layer F.CrtYd) (width 0.05))
    (fp_line (start 1.48 0.73) (end -1.48 0.73) (layer F.CrtYd) (width 0.05))
    (fp_text user %R (at 0 0 90) (layer F.Fab)
      (effects (font (size 0.4 0.4) (thickness 0.06)))
    )
    (pad 1 smd roundrect (at -0.7875 0 90) (size 0.875 0.95) (layers F.Cu F.Paste F.Mask) (roundrect_rratio 0.25)
      (net 3 usb2))
    (pad 2 smd roundrect (at 0.7875 0 90) (size 0.875 0.95) (layers F.Cu F.Paste F.Mask) (roundrect_rratio 0.25)
      (net 49 "Net-(R1-Pad2)"))
    (model ${KISYS3DMOD}/Resistor_SMD.3dshapes/R_0603_1608Metric.wrl
      (at (xyz 0 0 0))
      (scale (xyz 1 1 1))
      (rotate (xyz 0 0 0))
    )
  )

  (module Resistor_SMD:R_0603_1608Metric (layer F.Cu) (tedit 5B301BBD) (tstamp 5BF121D3)
    (at 104.73944 75.27046 90)
    (descr "Resistor SMD 0603 (1608 Metric), square (rectangular) end terminal, IPC_7351 nominal, (Body size source: http://www.tortai-tech.com/upload/download/2011102023233369053.pdf), generated with kicad-footprint-generator")
    (tags resistor)
    (path /5BE0A73B)
    (attr smd)
    (fp_text reference R2 (at -2.07954 0.01056 180) (layer F.SilkS)
      (effects (font (size 1 1) (thickness 0.15)))
    )
    (fp_text value 27 (at 0 1.43 90) (layer F.Fab)
      (effects (font (size 1 1) (thickness 0.15)))
    )
    (fp_text user %R (at 0.688999 -0.115001 90) (layer F.Fab)
      (effects (font (size 0.4 0.4) (thickness 0.06)))
    )
    (fp_line (start 1.48 0.73) (end -1.48 0.73) (layer F.CrtYd) (width 0.05))
    (fp_line (start 1.48 -0.73) (end 1.48 0.73) (layer F.CrtYd) (width 0.05))
    (fp_line (start -1.48 -0.73) (end 1.48 -0.73) (layer F.CrtYd) (width 0.05))
    (fp_line (start -1.48 0.73) (end -1.48 -0.73) (layer F.CrtYd) (width 0.05))
    (fp_line (start -0.162779 0.51) (end 0.162779 0.51) (layer F.SilkS) (width 0.12))
    (fp_line (start -0.162779 -0.51) (end 0.162779 -0.51) (layer F.SilkS) (width 0.12))
    (fp_line (start 0.8 0.4) (end -0.8 0.4) (layer F.Fab) (width 0.1))
    (fp_line (start 0.8 -0.4) (end 0.8 0.4) (layer F.Fab) (width 0.1))
    (fp_line (start -0.8 -0.4) (end 0.8 -0.4) (layer F.Fab) (width 0.1))
    (fp_line (start -0.8 0.4) (end -0.8 -0.4) (layer F.Fab) (width 0.1))
    (pad 2 smd roundrect (at 0.7875 0 90) (size 0.875 0.95) (layers F.Cu F.Paste F.Mask) (roundrect_rratio 0.25)
      (net 50 "Net-(R2-Pad2)"))
    (pad 1 smd roundrect (at -0.7875 0 90) (size 0.875 0.95) (layers F.Cu F.Paste F.Mask) (roundrect_rratio 0.25)
      (net 1 usb3))
    (model ${KISYS3DMOD}/Resistor_SMD.3dshapes/R_0603_1608Metric.wrl
      (at (xyz 0 0 0))
      (scale (xyz 1 1 1))
      (rotate (xyz 0 0 0))
    )
  )

  (module FT234XD-R:SON45P300X300X80-13N (layer F.Cu) (tedit 0) (tstamp 5C4203B9)
    (at 105.7 82.92 270)
    (path /5BE094B5)
    (attr smd)
    (fp_text reference U2 (at -1.49312 -1.87841 270) (layer F.SilkS)
      (effects (font (size 0.20015 0.20015) (thickness 0.05)))
    )
    (fp_text value FT234XD-R (at -1.36673 1.87537 270) (layer F.SilkS)
      (effects (font (size 0.200254 0.200254) (thickness 0.05)))
    )
    (fp_line (start -2.15 -1.75) (end 2.15 -1.75) (layer Eco1.User) (width 0.05))
